wavelength (nm) irradiance (W/m^2/nm)
0.5 6.27800318397931E-06
1.5 9.97851966531016E-05
2.5 3.81433164875489E-05
3.5 2.29183333431138E-05
4.5 3.76997704734094E-05
5.5 3.34223186655436E-05
6.5 3.75834570149891E-05
7.5 5.85740890528541E-05
8.5 5.20572466484737E-05
9.5 4.27711202064529E-05
10.5 3.06838555843569E-05
11.5 2.10958442039555E-05
12.5 1.18500984171988E-05
13.5 1.25689721244271E-05
14.5 2.54328188020736E-05
15.5 2.42472215177258E-05
16.5 5.65014415769838E-05
17.5 0.000295818375889212
18.5 0.000171438456163742
19.5 0.000139239229611121
20.5 9.84554062597454E-05
21.5 8.52589146234095E-05
22.5 9.39981837291271E-05
23.5 5.50289041711949E-05
24.5 6.83647522237152E-05
25.5 0.000109314147266559
26.5 3.79099510610104E-05
27.5 4.08134146709926E-05
28.5 5.77081445953809E-05
29.5 3.93029222323094E-05
30.5 0.000483328534755856
31.5 5.12128244736232E-05
32.5 2.08530873351265E-05
33.5 5.14958592248149E-05
34.5 5.64976289751939E-05
35.5 5.40017390449066E-05
36.5 8.9844354079105E-05
37.5 2.07819375646068E-05
38.5 9.91655360849109E-06
39.5 6.58243607176701E-06
40.5 8.88590966496849E-06
41.5 8.36880099086557E-06
42.5 6.11660743743414E-06
43.5 1.25172764455783E-05
44.5 7.58258738642326E-06
45.5 7.55459404899739E-06
46.5 1.96412656805478E-05
47.5 9.26911161513999E-06
48.5 1.42883818625705E-05
49.5 2.17459200939629E-05
50.5 2.22183789446717E-05
51.5 8.82664335222216E-06
52.5 1.03734437288949E-05
53.5 8.63462810229976E-06
54.5 5.65580012334976E-06
55.5 2.91841461148579E-05
56.5 7.33067008695798E-06
57.5 6.42390887151123E-06
58.5 5.25566574651748E-05
59.5 8.56350197864231E-06
60.5 2.13437106140191E-05
61.5 1.73531916516367E-05
62.5 3.93841255572624E-05
63.5 3.34826545440592E-05
64.5 4.61412309959997E-06
65.5 4.20907235820778E-06
66.5 4.64980894321343E-06
67.5 3.77455990019371E-06
68.5 7.80470236350084E-06
69.5 5.87386966799386E-06
70.5 1.26961194837349E-05
71.5 5.03472347190836E-06
72.5 5.07746244693408E-06
73.5 3.34988590111607E-06
74.5 4.74937223771121E-06
75.5 6.37347966403468E-06
76.5 1.6306516045006E-05
77.5 1.44337409437867E-05
78.5 2.0417906853254E-05
79.5 1.46014081110479E-05
80.5 1.15613829620997E-05
81.5 1.23036852528458E-05
82.5 1.48974777403055E-05
83.5 3.37660421791952E-05
84.5 2.07504781428725E-05
85.5 2.5037723389687E-05
86.5 2.8412581741577E-05
87.5 3.39740472554695E-05
88.5 4.01732322643511E-05
89.5 4.62921452708542E-05
90.5 5.52035053260624E-05
91.5 4.79490408906713E-05
92.5 1.69782833836507E-05
93.5 1.77392703335499E-05
94.5 1.29479403767618E-05
95.5 1.06153620436089E-05
96.5 7.72254679759499E-06
97.5 0.000128183542983606
98.5 1.57457161549246E-05
99.5 2.32272032008041E-05
100.5 1.12515344881103E-05
101.5 1.38571804200183E-05
102.5 0.000110073320684023
103.5 9.90586122497916E-05
104.5 1.77711863216246E-05
105.5 1.56880541908322E-05
106.5 1.67886410054052E-05
107.5 1.89612910617143E-05
108.5 2.88288028968964E-05
109.5 2.11212864087429E-05
110.5 2.42137648456264E-05
111.5 2.2669943064102E-05
112.5 2.36272207985166E-05
113.5 1.58872917381814E-05
114.5 1.92702063941397E-05
115.5 2.26531228690874E-05
116.5 2.62677131104283E-05
117.5 9.45749052334577E-05
118.5 3.57940334652085E-05
119.5 6.0923550336156E-05
120.5 0.000188629055628553
121.5 0.00734547805041075
122.5 7.44555291021243E-05
123.5 4.79115769849159E-05
124.5 3.50702248397283E-05
125.5 3.12866541207768E-05
126.5 4.40225921920501E-05
127.5 2.24302657443332E-05
128.5 1.76376706804149E-05
129.5 2.45323117269436E-05
130.5 0.000164619137649424
131.5 2.6973935746355E-05
132.5 2.11292826861609E-05
133.5 0.000205799820832908
134.5 2.01883194677066E-05
135.5 4.43267308583017E-05
136.5 2.86008034890983E-05
137.5 3.0477069230983E-05
138.5 3.00568990496686E-05
139.5 8.34135207696818E-05
140.5 7.12683104211464E-05
141.5 4.09595377277583E-05
142.5 4.62236021121498E-05
143.5 5.12916813022457E-05
144.5 5.07717595610302E-05
145.5 5.46730079804547E-05
146.5 6.4908956119325E-05
147.5 8.20088098407723E-05
148.5 8.40311258798465E-05
149.5 7.51831030356698E-05
150.5 8.51141667226329E-05
151.5 9.43604100029916E-05
152.5 0.000116215414891485
153.5 0.000126900922623463
154.5 0.000218001499888487
155.5 0.000188231220818125
156.5 0.000186133707757108
157.5 0.000169223843840882
158.5 0.000164418990607373
159.5 0.000163324511959218
160.5 0.000181233597686514
161.5 0.000214431987842545
162.5 0.000243739385041408
163.5 0.000255432067206129
164.5 0.000307591661112383
165.5 0.000487840210553259
166.5 0.000330897310050204
167.5 0.000393836293369532
168.5 0.000426564540248364
169.5 0.000562417146284133
170.5 0.000648949877358973
171.5 0.000653276802040637
172.5 0.000725929741747677
173.5 0.000720826152246445
174.5 0.000886808906216174
175.5 0.00109669228550047
176.5 0.00118368840776384
177.5 0.0014500740217045
178.5 0.00162008719053119
179.5 0.00166003929916769
180.5 0.00214815023355186
181.5 0.00251223728992045
182.5 0.00242812861688435
183.5 0.00259013380855322
184.5 0.00227141450159252
185.5 0.00259215012192726
186.5 0.00300743593834341
187.5 0.00336451013572514
188.5 0.00325136189348996
189.5 0.00241926265880465
190.5 -1
